[5, 3, 3, 2, 8, 1] 0000101112023131
[5, 3, 3, 2, 8, 2] 0000101112201331
[5, 2, 4, 2, 4, 1] 00010110010111
[5, 3, 4, 2, 6, 1] 0001011201320131
[5, 3, 3, 5, 8, 1] 0010023110023111
[5, 3, 3, 5, 8, 2] 0010023110201311
[5, 3, 3, 5, 8, 3] 0010201310201311
[5, 3, 3, 2, 8, 3] 0020131200101131
[5, 4, 3, 6, 9, 1] 002013120231201331
[5, 4, 3, 6, 9, 2] 002013122013201331
[5, 4, 2, 12, 12, 1] 002023131202013131
[5, 4, 2, 12, 12, 2] 002201331202013131
[5, 3, 4, 2, 6, 2] 0023100101120131
[5, 4, 4, 6, 6, 1] 002312013201320131
[5, 4, 4, 6, 6, 2] 020132013201320131
[5, 4, 2, 12, 12, 3] 020201313202013131
[5, 4, 3, 6, 9, 3] 020231302013201311
[5, 4, 3, 6, 9, 4] 022013302013201311