[6, 3, 4, 2, 7, 1] 000010111200101131
[6, 4, 4, 2, 8, 1] 00001011120231201331
[6, 4, 4, 2, 8, 2] 00001011122013201331
[6, 4, 3, 5, 11, 1] 00010023111202013131
[6, 3, 5, 2, 5, 1] 000101100101120131
[6, 4, 5, 2, 6, 1] 00010112013201320131
[6, 4, 3, 5, 11, 2] 00010201311202013131
[6, 4, 3, 8, 8, 1] 00023110023110201311
[6, 4, 3, 8, 8, 2] 00023110201310201311
[6, 3, 4, 2, 7, 2] 001000101110201311
[6, 3, 4, 2, 7, 3] 001002311000101111
[6, 4, 4, 5, 8, 1] 00100231100231201311
[6, 4, 4, 5, 8, 2] 00100231102013201311
[6, 4, 4, 5, 8, 3] 00102013100231201311
[6, 4, 4, 5, 8, 4] 00102013102013201311
[6, 4, 3, 8, 8, 3] 00201310201310201311
[6, 4, 4, 2, 9, 1] 00201312001011201331
[6, 4, 4, 2, 9, 2] 00201312023100101131
[6, 5, 4, 6, 9, 1] 0020131202312013201331
[6, 5, 4, 6, 9, 2] 0020131220132013201331
[6, 5, 4, 6, 9, 3] 0020132013120231201331
[6, 5, 4, 6, 9, 4] 0020132013122013201331
[6, 5, 2, 15, 15, 1] 0020201313120202313131
[6, 5, 2, 15, 15, 2] 0020201313120220133131
[6, 5, 2, 15, 15, 3] 0020201313122020131331
[6, 4, 3, 5, 11, 3] 00202313100100231111
[6, 4, 3, 5, 11, 4] 00202313100102013111
[6, 4, 3, 2, 11, 1] 00202313120001011131
[6, 5, 3, 6, 12, 1] 0020231312020132013131
[6, 4, 3, 5, 11, 5] 00220133100100231111
[6, 4, 3, 5, 11, 6] 00220133100102013111
[6, 4, 3, 2, 11, 2] 00220133120001011131
[6, 5, 3, 6, 12, 2] 0022013312020132013131
[6, 3, 5, 2, 5, 2] 002310010110010111
[6, 4, 5, 2, 6, 2] 00231001011201320131
[6, 5, 5, 6, 6, 1] 0023120132013201320131
[6, 5, 3, 9, 12, 1] 0023120201313202013131
[6, 4, 4, 2, 8, 3] 02001011302013201311
[6, 5, 3, 9, 12, 2] 0201302023131202013131
[6, 5, 3, 9, 12, 3] 0201302201331202013131
[6, 5, 5, 6, 6, 2] 0201320132013201320131
[6, 5, 3, 9, 12, 4] 0201320201313202013131
[6, 4, 3, 2, 11, 3] 02020131302001011311
[6, 5, 3, 6, 12, 3] 0202013130202312013311
[6, 5, 3, 6, 12, 4] 0202013130220132013311
[6, 4, 3, 2, 11, 4] 02020131320001011131
[6, 5, 3, 6, 12, 5] 0202013132020132013131
[6, 4, 4, 2, 9, 3] 02023130001011201311
[6, 5, 4, 6, 9, 5] 0202313020132013201311
[6, 4, 4, 2, 9, 4] 02201330001011201311
[6, 5, 4, 6, 9, 6] 0220133020132013201311