[7, 5, 3, 5, 14, 1] 000010023111120202313131
[7, 5, 3, 5, 14, 2] 000010023111120220133131
[7, 5, 3, 5, 14, 3] 000010023111122020131331
[7, 4, 4, 2, 8, 1] 0000101110201310201311
[7, 4, 5, 2, 8, 1] 0000101112001011201331
[7, 4, 5, 2, 8, 2] 0000101112023100101131
[7, 5, 5, 2, 8, 1] 000010111202312013201331
[7, 5, 5, 2, 8, 2] 000010111220132013201331
[7, 5, 5, 2, 9, 1] 000010112013120231201331
[7, 5, 5, 2, 9, 2] 000010112013122013201331
[7, 5, 3, 5, 14, 4] 000010201311120202313131
[7, 5, 3, 5, 14, 5] 000010201311120220133131
[7, 5, 3, 5, 14, 6] 000010201311122020131331
[7, 4, 4, 4, 10, 1] 0001002311100100231111
[7, 4, 4, 4, 10, 2] 0001002311100102013111
[7, 4, 4, 2, 10, 1] 0001002311102001011311
[7, 5, 4, 5, 11, 1] 000100231110202312013311
[7, 5, 4, 5, 11, 2] 000100231110220132013311
[7, 4, 4, 2, 10, 2] 0001002311120001011131
[7, 5, 4, 5, 11, 3] 000100231112020132013131
[7, 3, 6, 2, 4, 1] 00010110010110010111
[7, 4, 6, 2, 6, 1] 0001011001011201320131
[7, 5, 4, 2, 12, 1] 000101102023131202013131
[7, 5, 4, 2, 12, 2] 000101102201331202013131
[7, 5, 6, 2, 6, 1] 000101120132013201320131
[7, 5, 4, 2, 12, 3] 000101120201313202013131
[7, 4, 4, 4, 10, 3] 0001020131100102013111
[7, 4, 4, 2, 10, 3] 0001020131102001011311
[7, 5, 4, 5, 11, 4] 000102013110202312013311
[7, 5, 4, 5, 11, 5] 000102013110220132013311
[7, 4, 4, 2, 10, 4] 0001020131120001011131
[7, 5, 4, 5, 11, 6] 000102013112020132013131
[7, 4, 4, 2, 8, 2] 0002311000101110201311
[7, 4, 4, 2, 8, 3] 0002311002311000101111
[7, 5, 4, 6, 8, 1] 000231100231102013201311
[7, 5, 4, 6, 8, 2] 000231102013100231201311
[7, 5, 4, 6, 8, 3] 000231102013102013201311
[7, 3, 5, 2, 6, 1] 00100010111000101111
[7, 4, 5, 2, 7, 1] 0010001011100231201311
[7, 4, 5, 2, 7, 2] 0010001011102013201311
[7, 5, 3, 8, 14, 1] 001002023131100202313111
[7, 5, 3, 8, 14, 2] 001002023131100220133111
[7, 5, 3, 8, 14, 3] 001002023131102020131311
[7, 5, 3, 8, 14, 4] 001002201331100220133111
[7, 5, 3, 8, 14, 5] 001002201331102020131311
[7, 4, 5, 2, 8, 3] 0010023110001011201311
[7, 4, 5, 2, 8, 4] 0010023110023100101111
[7, 5, 5, 5, 8, 1] 001002311002312013201311
[7, 5, 5, 5, 8, 2] 001002311020132013201311
[7, 5, 5, 5, 8, 3] 001002312013100231201311
[7, 5, 5, 5, 8, 4] 001002312013102013201311
[7, 4, 5, 2, 8, 5] 0010201310001011201311
[7, 4, 5, 2, 8, 6] 0010201310023100101111
[7, 5, 5, 5, 8, 5] 001020131002312013201311
[7, 5, 5, 5, 8, 6] 001020131020132013201311
[7, 5, 5, 5, 8, 7] 001020132013102013201311
[7, 5, 3, 8, 14, 6] 001020201313102020131311
[7, 4, 4, 2, 10, 5] 0020010113120001011131
[7, 5, 4, 2, 11, 1] 002001011312020132013131
[7, 5, 4, 6, 8, 4] 002013102013100231201311
[7, 5, 4, 6, 8, 5] 002013102013102013201311
[7, 4, 5, 2, 8, 7] 0020131200101100101131
[7, 5, 5, 2, 9, 3] 002013120010112013201331
[7, 5, 5, 2, 9, 4] 002013120231001011201331
[7, 6, 5, 6, 9, 1] 00201312023120132013201331
[7, 6, 5, 6, 9, 2] 00201312201320132013201331
[7, 5, 5, 2, 9, 5] 002013201312001011201331
[7, 5, 5, 2, 9, 6] 002013201312023100101131
[7, 6, 5, 6, 9, 3] 00201320131202312013201331
[7, 6, 5, 6, 9, 4] 00201320131220132013201331
[7, 5, 3, 5, 14, 7] 002020131312001002311131
[7, 5, 3, 5, 14, 8] 002020131312001020131131
[7, 5, 3, 2, 14, 1] 002020131312020010113131
[7, 6, 3, 6, 15, 1] 00202013131202023120133131
[7, 6, 3, 6, 15, 2] 00202013131202201320133131
[7, 6, 3, 9, 15, 1] 00202013131202312020131331
[7, 5, 3, 2, 14, 2] 002020131312200010111331
[7, 6, 3, 9, 15, 2] 00202013131220130202313131
[7, 6, 3, 9, 15, 3] 00202013131220130220133131
[7, 6, 3, 9, 15, 4] 00202013131220132020131331
[7, 6, 3, 6, 15, 3] 00202013131220201320131331
[7, 6, 2, 18, 18, 1] 00202023131312020201313131
[7, 6, 2, 18, 18, 2] 00202201331312020201313131
[7, 6, 4, 6, 12, 1] 00202312013312020132013131
[7, 5, 3, 8, 11, 1] 002023131000231102013111
[7, 4, 4, 2, 10, 6] 0020231310010001011111
[7, 5, 4, 5, 11, 7] 002023131001002312013111
[7, 5, 4, 5, 11, 8] 002023131001020132013111
[7, 5, 3, 8, 11, 2] 002023131002013102013111
[7, 5, 4, 2, 12, 4] 002023131200010112013131
[7, 6, 3, 12, 12, 1] 00202313120201313202013131
[7, 6, 4, 6, 12, 2] 00202313120201320132013131
[7, 6, 4, 6, 12, 3] 00220132013312020132013131
[7, 5, 3, 8, 11, 3] 002201331000231102013111
[7, 4, 4, 2, 10, 7] 0022013310010001011111
[7, 5, 4, 5, 11, 9] 002201331001002312013111
[7, 5, 4, 5, 11, 10] 002201331001020132013111
[7, 5, 3, 8, 11, 4] 002201331002013102013111
[7, 5, 4, 2, 12, 5] 002201331200010112013131
[7, 6, 3, 12, 12, 2] 00220133120201313202013131
[7, 6, 4, 6, 12, 4] 00220133120201320132013131
[7, 6, 2, 18, 18, 3] 00220201313312020201313131
[7, 5, 4, 5, 11, 11] 002310010023111202013131
[7, 4, 6, 2, 6, 2] 0023100101100101120131
[7, 5, 6, 2, 6, 2] 002310010112013201320131
[7, 5, 4, 5, 11, 12] 002310010201311202013131
[7, 6, 6, 6, 6, 1] 00231201320132013201320131
[7, 6, 4, 6, 12, 5] 00231201320201313202013131
[7, 5, 4, 2, 11, 2] 002312020131320001011131
[7, 6, 4, 6, 12, 6] 00231202013132020132013131
[7, 5, 4, 2, 11, 3] 020001011130202312013311
[7, 5, 4, 2, 11, 4] 020001011130220132013311
[7, 4, 4, 2, 10, 8] 0200010111320001011131
[7, 5, 4, 2, 11, 5] 020001011132020132013131
[7, 4, 5, 2, 8, 8] 0200101130001011201311
[7, 5, 5, 2, 8, 3] 020010113020132013201311
[7, 5, 4, 5, 11, 13] 020130010023111202013131
[7, 5, 4, 5, 11, 14] 020130010201311202013131
[7, 5, 4, 5, 11, 15] 020130202313100100231111
[7, 5, 4, 5, 11, 16] 020130202313100102013111
[7, 5, 4, 2, 11, 6] 020130202313120001011131
[7, 6, 4, 6, 12, 7] 02013020231312020132013131
[7, 5, 4, 5, 11, 17] 020130220133100100231111
[7, 5, 4, 5, 11, 18] 020130220133100102013111
[7, 5, 4, 2, 11, 7] 020130220133120001011131
[7, 6, 4, 6, 12, 8] 02013022013312020132013131
[7, 6, 4, 6, 12, 9] 02013201302023131202013131
[7, 6, 4, 6, 12, 10] 02013201302201331202013131
[7, 6, 6, 6, 6, 2] 02013201320132013201320131
[7, 6, 4, 6, 12, 11] 02013201320201313202013131
[7, 5, 4, 2, 11, 8] 020132020131302001011311
[7, 6, 4, 6, 12, 12] 02013202013130202312013311
[7, 6, 4, 6, 12, 13] 02013202013130220132013311
[7, 5, 4, 2, 11, 9] 020132020131320001011131
[7, 6, 4, 6, 12, 14] 02013202013132020132013131
[7, 5, 3, 8, 11, 5] 020201313000231100231111
[7, 5, 3, 8, 11, 6] 020201313000231102013111
[7, 4, 4, 2, 10, 9] 0202013130010001011111
[7, 5, 4, 5, 11, 19] 020201313001002312013111
[7, 5, 4, 5, 11, 20] 020201313001020132013111
[7, 5, 3, 8, 11, 7] 020201313002013102013111
[7, 5, 4, 2, 12, 6] 020201313020010112013311
[7, 5, 4, 2, 12, 7] 020201313020231001011311
[7, 6, 4, 6, 12, 15] 02020131302023120132013311
[7, 6, 4, 6, 12, 16] 02020131302201320132013311
[7, 5, 4, 2, 12, 8] 020201313200010112013131
[7, 6, 3, 12, 12, 3] 02020131320201313202013131
[7, 6, 4, 6, 12, 17] 02020131320201320132013131
[7, 6, 4, 6, 12, 18] 02020132013132020132013131
[7, 6, 2, 18, 18, 4] 02020201313132020201313131
[7, 5, 3, 2, 14, 3] 020202313130200010111311
[7, 6, 3, 9, 15, 5] 02020231313020132020131311
[7, 6, 3, 6, 15, 4] 02020231313020201320131311
[7, 5, 3, 2, 14, 4] 020220133130200010111311
[7, 6, 3, 9, 15, 6] 02022013313020132020131311
[7, 6, 3, 6, 15, 5] 02022013313020201320131311
[7, 6, 5, 6, 9, 5] 02023120133020132013201311
[7, 4, 5, 2, 8, 9] 0202313000101100101111
[7, 5, 5, 2, 9, 7] 020231300010112013201311
[7, 6, 5, 6, 9, 6] 02023130201320132013201311
[7, 6, 5, 6, 9, 7] 02201320133020132013201311
[7, 4, 5, 2, 8, 10] 0220133000101100101111
[7, 5, 5, 2, 9, 8] 022013300010112013201311
[7, 6, 5, 6, 9, 8] 02201330201320132013201311
[7, 5, 3, 2, 14, 5] 022020131330200010111311
[7, 6, 3, 9, 15, 7] 02202013133020132020131311
[7, 6, 3, 6, 15, 6] 02202013133020201320131311