[8, 5, 4, 5, 13, 1] 00001002311112001002311131
[8, 5, 4, 5, 13, 2] 00001002311112001020131131
[8, 5, 4, 2, 13, 1] 00001002311112020010113131
[8, 6, 4, 5, 14, 1] 0000100231111202023120133131
[8, 6, 4, 5, 14, 2] 0000100231111202201320133131
[8, 6, 4, 5, 14, 3] 0000100231111202312020131331
[8, 5, 4, 2, 13, 2] 00001002311112200010111331
[8, 6, 4, 5, 14, 4] 0000100231111220130202313131
[8, 6, 4, 5, 14, 5] 0000100231111220130220133131
[8, 6, 4, 5, 14, 6] 0000100231111220132020131331
[8, 6, 4, 5, 14, 7] 0000100231111220201320131331
[8, 4, 5, 2, 7, 1] 000010111000101110201311
[8, 5, 5, 2, 8, 1] 00001011102013100231201311
[8, 5, 5, 2, 8, 2] 00001011102013102013201311
[8, 4, 6, 2, 7, 1] 000010111200101100101131
[8, 5, 6, 2, 8, 1] 00001011120010112013201331
[8, 5, 6, 2, 8, 2] 00001011120231001011201331
[8, 6, 6, 2, 8, 1] 0000101112023120132013201331
[8, 6, 6, 2, 8, 2] 0000101112201320132013201331
[8, 5, 6, 2, 9, 1] 00001011201312001011201331
[8, 5, 6, 2, 9, 2] 00001011201312023100101131
[8, 6, 6, 2, 9, 1] 0000101120131202312013201331
[8, 6, 6, 2, 9, 2] 0000101120131220132013201331
[8, 5, 4, 5, 13, 3] 00001020131112001002311131
[8, 5, 4, 5, 13, 4] 00001020131112001020131131
[8, 5, 4, 2, 13, 3] 00001020131112020010113131
[8, 6, 4, 5, 14, 8] 0000102013111202023120133131
[8, 6, 4, 5, 14, 9] 0000102013111202201320133131
[8, 6, 4, 5, 14, 10] 0000102013111202312020131331
[8, 5, 4, 2, 13, 4] 00001020131112200010111331
[8, 6, 4, 5, 14, 11] 0000102013111220130202313131
[8, 6, 4, 5, 14, 12] 0000102013111220130220133131
[8, 6, 4, 5, 14, 13] 0000102013111220132020131331
[8, 6, 4, 5, 14, 14] 0000102013111220201320131331
[8, 6, 4, 6, 11, 1] 0000231100231112020132013131
[8, 6, 4, 6, 11, 2] 0000231102013112020132013131
[8, 5, 5, 2, 10, 1] 00010001011110202312013311
[8, 5, 5, 2, 10, 2] 00010001011110220132013311
[8, 4, 5, 2, 9, 1] 000100010111120001011131
[8, 5, 5, 2, 10, 3] 00010001011112020132013131
[8, 6, 3, 8, 17, 1] 0001002023131112020201313131
[8, 6, 3, 8, 17, 2] 0001002201331112020201313131
[8, 5, 4, 5, 10, 1] 00010023111000231100231111
[8, 5, 4, 5, 10, 2] 00010023111000231102013111
[8, 4, 5, 2, 9, 2] 000100231110010001011111
[8, 5, 5, 4, 10, 1] 00010023111001002312013111
[8, 5, 5, 4, 10, 2] 00010023111001020132013111
[8, 5, 4, 5, 10, 3] 00010023111002013102013111
[8, 5, 5, 2, 11, 1] 00010023111020010112013311
[8, 5, 5, 2, 11, 2] 00010023111020231001011311
[8, 6, 5, 5, 11, 1] 0001002311102023120132013311
[8, 6, 5, 5, 11, 2] 0001002311102201320132013311
[8, 5, 5, 2, 11, 3] 00010023111200010112013131
[8, 6, 4, 5, 12, 1] 0001002311120201313202013131
[8, 6, 5, 5, 11, 3] 0001002311120201320132013131
[8, 6, 5, 5, 11, 4] 0001002312013112020132013131
[8, 5, 5, 2, 11, 4] 00010110010023111202013131
[8, 4, 7, 2, 5, 1] 000101100101100101120131
[8, 5, 7, 2, 6, 1] 00010110010112013201320131
[8, 5, 5, 2, 11, 5] 00010110010201311202013131
[8, 5, 5, 2, 11, 6] 00010110202313100100231111
[8, 5, 5, 2, 11, 7] 00010110202313100102013111
[8, 5, 5, 2, 11, 8] 00010110202313120001011131
[8, 6, 5, 2, 12, 1] 0001011020231312020132013131
[8, 5, 5, 2, 11, 9] 00010110220133100100231111
[8, 5, 5, 2, 11, 10] 00010110220133100102013111
[8, 5, 5, 2, 11, 11] 00010110220133120001011131
[8, 6, 5, 2, 12, 2] 0001011022013312020132013131
[8, 6, 5, 2, 12, 3] 0001011201302023131202013131
[8, 6, 5, 2, 12, 4] 0001011201302201331202013131
[8, 6, 7, 2, 6, 1] 0001011201320132013201320131
[8, 6, 5, 2, 12, 5] 0001011201320201313202013131
[8, 5, 5, 2, 11, 12] 00010112020131302001011311
[8, 6, 5, 2, 12, 6] 0001011202013130202312013311
[8, 6, 5, 2, 12, 7] 0001011202013130220132013311
[8, 5, 5, 2, 11, 13] 00010112020131320001011131
[8, 6, 5, 2, 12, 8] 0001011202013132020132013131
[8, 5, 4, 5, 10, 4] 00010201311000231100231111
[8, 5, 4, 5, 10, 5] 00010201311000231102013111
[8, 4, 5, 2, 9, 3] 000102013110010001011111
[8, 5, 5, 4, 10, 3] 00010201311001002312013111
[8, 5, 5, 4, 10, 4] 00010201311001020132013111
[8, 5, 4, 5, 10, 6] 00010201311002013102013111
[8, 5, 5, 2, 11, 14] 00010201311020010112013311
[8, 5, 5, 2, 11, 15] 00010201311020231001011311
[8, 6, 5, 5, 11, 5] 0001020131102023120132013311
[8, 6, 5, 5, 11, 6] 0001020131102201320132013311
[8, 5, 5, 2, 11, 16] 00010201311200010112013131
[8, 6, 4, 5, 12, 2] 0001020131120201313202013131
[8, 6, 5, 5, 11, 7] 0001020131120201320132013131
[8, 6, 5, 5, 11, 8] 0001020132013112020132013131
[8, 6, 3, 8, 17, 3] 0001020201313112020201313131
[8, 6, 4, 6, 11, 3] 0002013102013112020132013131
[8, 4, 5, 2, 7, 2] 000231100010111000101111
[8, 5, 5, 2, 8, 3] 00023110001011100231201311
[8, 5, 5, 2, 8, 4] 00023110001011102013201311
[8, 6, 3, 11, 14, 1] 0002311002023131102020131311
[8, 6, 3, 11, 14, 2] 0002311002201331102020131311
[8, 5, 5, 2, 8, 5] 00023110023110001011201311
[8, 6, 5, 6, 8, 1] 0002311002311020132013201311
[8, 6, 5, 6, 8, 2] 0002311002312013102013201311
[8, 5, 5, 2, 8, 6] 00023110201310001011201311
[8, 5, 5, 2, 8, 7] 00023110201310023100101111
[8, 6, 5, 6, 8, 3] 0002311020131002312013201311
[8, 6, 5, 6, 8, 4] 0002311020131020132013201311
[8, 6, 5, 6, 8, 5] 0002311020132013102013201311
[8, 6, 3, 11, 14, 3] 0002311020201313102020131311
[8, 5, 4, 4, 13, 1] 00100010023111102020131311
[8, 4, 6, 2, 7, 2] 001000101110001011201311
[8, 4, 6, 2, 7, 3] 001000101110023100101111
[8, 5, 6, 2, 7, 1] 00100010111002312013201311
[8, 5, 6, 2, 7, 2] 00100010111020132013201311
[8, 5, 6, 2, 8, 3] 00100010112013102013201311
[8, 5, 4, 4, 13, 2] 00100010201311102020131311
[8, 5, 4, 4, 13, 3] 00100202313110001002311111
[8, 5, 4, 4, 13, 4] 00100202313110001020131111
[8, 5, 4, 2, 13, 5] 00100202313110020010113111
[8, 6, 4, 6, 14, 1] 0010020231311002023120133111
[8, 6, 4, 6, 14, 2] 0010020231311002201320133111
[8, 6, 4, 5, 14, 15] 0010020231311002312020131311
[8, 5, 4, 2, 13, 6] 00100202313110200010111311
[8, 6, 4, 5, 14, 16] 0010020231311020130202313111
[8, 6, 4, 5, 14, 17] 0010020231311020130220133111
[8, 6, 4, 5, 14, 18] 0010020231311020132020131311
[8, 6, 4, 6, 14, 3] 0010020231311020201320131311
[8, 5, 4, 4, 13, 5] 00100220133110001002311111
[8, 5, 4, 4, 13, 6] 00100220133110001020131111
[8, 5, 4, 2, 13, 7] 00100220133110020010113111
[8, 6, 4, 6, 14, 4] 0010022013311002023120133111
[8, 6, 4, 6, 14, 5] 0010022013311002201320133111
[8, 6, 4, 5, 14, 19] 0010022013311002312020131311
[8, 5, 4, 2, 13, 8] 00100220133110200010111311
[8, 6, 4, 5, 14, 20] 0010022013311020130202313111
[8, 6, 4, 5, 14, 21] 0010022013311020130220133111
[8, 6, 4, 5, 14, 22] 0010022013311020132020131311
[8, 6, 4, 6, 14, 6] 0010022013311020201320131311
[8, 4, 6, 2, 7, 4] 001002311000101100101111
[8, 5, 6, 2, 8, 4] 00100231100010112013201311
[8, 5, 6, 2, 8, 5] 00100231100231001011201311
[8, 6, 6, 5, 8, 1] 0010023110023120132013201311
[8, 6, 6, 5, 8, 2] 0010023110201320132013201311
[8, 5, 6, 2, 8, 6] 00100231201310001011201311
[8, 5, 6, 2, 8, 7] 00100231201310023100101111
[8, 6, 6, 5, 8, 3] 0010023120131002312013201311
[8, 6, 6, 5, 8, 4] 0010023120131020132013201311
[8, 4, 6, 2, 7, 5] 001020131000101100101111
[8, 5, 6, 2, 8, 8] 00102013100010112013201311
[8, 5, 6, 2, 8, 9] 00102013100231001011201311
[8, 6, 6, 5, 8, 5] 0010201310023120132013201311
[8, 6, 6, 5, 8, 6] 0010201310201320132013201311
[8, 5, 6, 2, 8, 10] 00102013201310023100101111
[8, 6, 6, 5, 8, 7] 0010201320131002312013201311
[8, 6, 6, 5, 8, 8] 0010201320131020132013201311
[8, 5, 4, 2, 13, 9] 00102020131310020010113111
[8, 6, 4, 6, 14, 7] 0010202013131002023120133111
[8, 6, 4, 6, 14, 8] 0010202013131002201320133111
[8, 6, 4, 5, 14, 23] 0010202013131002312020131311
[8, 5, 4, 2, 13, 10] 00102020131310200010111311
[8, 6, 4, 5, 14, 24] 0010202013131020130202313111
[8, 6, 4, 5, 14, 25] 0010202013131020130220133111
[8, 6, 4, 5, 14, 26] 0010202013131020132020131311
[8, 6, 4, 6, 14, 9] 0010202013131020201320131311
[8, 5, 4, 2, 13, 11] 00200010111312001002311131
[8, 5, 4, 2, 13, 12] 00200010111312001020131131
[8, 5, 4, 2, 13, 13] 00200010111312020010113131
[8, 6, 4, 2, 14, 1] 0020001011131202023120133131
[8, 6, 4, 2, 14, 2] 0020001011131202201320133131
[8, 6, 4, 2, 14, 3] 0020001011131202312020131331
[8, 5, 4, 2, 13, 14] 00200010111312200010111331
[8, 6, 4, 2, 14, 4] 0020001011131220130202313131
[8, 6, 4, 2, 14, 5] 0020001011131220130220133131
[8, 6, 4, 2, 14, 6] 0020001011131220132020131331
[8, 6, 4, 2, 14, 7] 0020001011131220201320131331
[8, 5, 4, 2, 10, 1] 00200101131000231102013111
[8, 4, 5, 2, 9, 4] 002001011310010001011111
[8, 5, 5, 2, 10, 4] 00200101131001002312013111
[8, 5, 5, 2, 10, 5] 00200101131001020132013111
[8, 5, 4, 2, 10, 2] 00200101131002013102013111
[8, 5, 5, 2, 11, 17] 00200101131200010112013131
[8, 6, 5, 2, 11, 1] 0020010113120201320132013131
[8, 6, 3, 11, 14, 4] 0020131002023131100202313111
[8, 6, 3, 11, 14, 5] 0020131002023131100220133111
[8, 6, 3, 11, 14, 6] 0020131002023131102020131311
[8, 6, 3, 11, 14, 7] 0020131002201331100220133111
[8, 6, 3, 11, 14, 8] 0020131002201331102020131311
[8, 6, 5, 6, 8, 6] 0020131002312013100231201311
[8, 6, 5, 6, 8, 7] 0020131002312013102013201311
[8, 5, 5, 2, 8, 8] 00201310201310001011201311
[8, 5, 5, 2, 8, 9] 00201310201310023100101111
[8, 6, 5, 6, 8, 8] 0020131020131002312013201311
[8, 6, 5, 6, 8, 9] 0020131020131020132013201311
[8, 6, 5, 6, 8, 10] 0020131020132013102013201311
[8, 6, 3, 11, 14, 9] 0020131020201313102020131311
[8, 5, 6, 2, 9, 3] 00201312001011001011201331
[8, 6, 6, 2, 9, 3] 0020131200101120132013201331
[8, 5, 6, 2, 9, 4] 00201312023100101100101131
[8, 6, 6, 2, 9, 4] 0020131202310010112013201331
[8, 7, 6, 6, 9, 1] 002013120231201320132013201331
[8, 7, 6, 6, 9, 2] 002013122013201320132013201331
[8, 5, 6, 2, 8, 11] 00201320131200101100101131
[8, 6, 6, 2, 9, 5] 0020132013120010112013201331
[8, 6, 6, 2, 9, 6] 0020132013120231001011201331
[8, 7, 6, 6, 9, 3] 002013201312023120132013201331
[8, 7, 6, 6, 9, 4] 002013201312201320132013201331
[8, 7, 6, 6, 9, 5] 002013201320131202312013201331
[8, 7, 6, 6, 9, 6] 002013201320131220132013201331
[8, 7, 4, 6, 15, 1] 002013202013131202023120133131
[8, 7, 4, 6, 15, 2] 002013202013131202201320133131
[8, 7, 4, 9, 15, 1] 002013202013131202312020131331
[8, 7, 4, 9, 15, 2] 002013202013131220130202313131
[8, 7, 4, 9, 15, 3] 002013202013131220130220133131
[8, 7, 4, 9, 15, 4] 002013202013131220132020131331
[8, 7, 4, 6, 15, 3] 002013202013131220201320131331
[8, 6, 3, 8, 14, 1] 0020201313120002311002311131
[8, 6, 3, 8, 14, 2] 0020201313120002311020131131
[8, 5, 4, 2, 13, 15] 00202013131200100010111131
[8, 6, 4, 5, 14, 27] 0020201313120010023120131131
[8, 6, 4, 2, 15, 1] 0020201313120010110202313131
[8, 6, 4, 2, 15, 2] 0020201313120010110220133131
[8, 6, 4, 2, 15, 3] 0020201313120010112020131331
[8, 6, 4, 5, 14, 28] 0020201313120010201320131131
[8, 6, 3, 8, 14, 3] 0020201313120020131020131131
[8, 6, 4, 2, 15, 4] 0020201313120200101120133131
[8, 6, 4, 2, 15, 5] 0020201313120202310010113131
[8, 7, 4, 6, 15, 4] 002020131312020231201320133131
[8, 7, 3, 12, 15, 1] 002020131312020231312020131331
[8, 7, 4, 6, 15, 5] 002020131312022013201320133131
[8, 7, 3, 12, 15, 2] 002020131312022013312020131331
[8, 6, 4, 5, 14, 29] 0020201313120231001002311131
[8, 6, 4, 5, 14, 30] 0020201313120231001020131131
[8, 6, 4, 2, 14, 8] 0020201313120231200010111331
[8, 7, 4, 6, 15, 6] 002020131312023120132020131331
[8, 7, 4, 6, 15, 7] 002020131312023120201320131331
[8, 6, 4, 2, 15, 6] 0020201313122000101120131331
[8, 6, 4, 5, 14, 31] 0020201313122013001002311131
[8, 6, 4, 5, 14, 32] 0020201313122013001020131131
[8, 6, 4, 2, 14, 9] 0020201313122013020010113131
[8, 7, 4, 6, 15, 8] 002020131312201302023120133131
[8, 7, 4, 6, 15, 9] 002020131312201302201320133131
[8, 6, 4, 2, 14, 10] 0020201313122013200010111331
[8, 7, 4, 6, 15, 10] 002020131312201320130202313131
[8, 7, 4, 6, 15, 11] 002020131312201320130220133131
[8, 7, 4, 6, 15, 12] 002020131312201320132020131331
[8, 7, 4, 6, 15, 13] 002020131312201320201320131331
[8, 7, 3, 12, 15, 3] 002020131312202013132020131331
[8, 7, 4, 6, 15, 14] 002020131312202013201320131331
[8, 7, 4, 6, 15, 15] 002020132013131202023120133131
[8, 7, 4, 6, 15, 16] 002020132013131202201320133131
[8, 7, 4, 6, 15, 17] 002020132013131202312020131331
[8, 7, 4, 6, 15, 18] 002020132013131220130202313131
[8, 7, 4, 6, 15, 19] 002020132013131220130220133131
[8, 7, 4, 6, 15, 20] 002020132013131220132020131331
[8, 7, 4, 6, 15, 21] 002020132013131220201320131331
[8, 7, 2, 21, 21, 1] 002020201313131202020231313131
[8, 7, 2, 21, 21, 2] 002020201313131202022013313131
[8, 7, 2, 21, 21, 3] 002020201313131202202013133131
[8, 7, 2, 21, 21, 4] 002020201313131220202013131331
[8, 6, 3, 8, 17, 4] 0020202313131001002023131111
[8, 6, 3, 8, 17, 5] 0020202313131001002201331111
[8, 6, 3, 8, 17, 6] 0020202313131001020201313111
[8, 6, 3, 5, 17, 1] 0020202313131200010023111131
[8, 6, 3, 5, 17, 2] 0020202313131200010201311131
[8, 6, 3, 2, 17, 1] 0020202313131202000101113131
[8, 7, 3, 9, 18, 1] 002020231313120201320201313131
[8, 7, 3, 6, 18, 1] 002020231313120202013201313131
[8, 6, 3, 8, 17, 7] 0020220133131001002023131111
[8, 6, 3, 8, 17, 8] 0020220133131001002201331111
[8, 6, 3, 8, 17, 9] 0020220133131001020201313111
[8, 6, 3, 5, 17, 3] 0020220133131200010023111131
[8, 6, 3, 5, 17, 4] 0020220133131200010201311131
[8, 6, 3, 2, 17, 2] 0020220133131202000101113131
[8, 7, 3, 9, 18, 2] 002022013313120201320201313131
[8, 7, 3, 6, 18, 2] 002022013313120202013201313131
[8, 6, 4, 6, 11, 4] 0020231201331000231102013111
[8, 6, 5, 5, 11, 9] 0020231201331001002312013111
[8, 6, 5, 5, 11, 10] 0020231201331001020132013111
[8, 6, 4, 6, 11, 5] 0020231201331002013102013111
[8, 6, 5, 2, 12, 9] 0020231201331200010112013131
[8, 7, 5, 6, 12, 1] 002023120133120201320132013131
[8, 5, 4, 2, 11, 1] 00202313100001011102013111
[8, 5, 4, 2, 11, 2] 00202313100023110001011111
[8, 6, 4, 6, 11, 6] 0020231310002311020132013111
[8, 5, 5, 2, 11, 18] 00202313100100010112013111
[8, 5, 5, 2, 11, 19] 00202313100100231001011111
[8, 6, 4, 5, 12, 3] 0020231310010023111202013131
[8, 6, 5, 5, 11, 11] 0020231310010023120132013111
[8, 6, 4, 5, 12, 4] 0020231310010201311202013131
[8, 6, 5, 5, 11, 12] 0020231310010201320132013111
[8, 6, 4, 6, 11, 7] 0020231310020131002312013111
[8, 6, 4, 6, 11, 8] 0020231310020131020132013111
[8, 5, 5, 2, 11, 20] 00202313120001011001011131
[8, 6, 5, 2, 12, 10] 0020231312000101120132013131
[8, 6, 4, 2, 12, 1] 0020231312020131320001011131
[8, 7, 4, 6, 12, 1] 002023131202013132020132013131
[8, 7, 5, 6, 12, 2] 002023131202013201320132013131
[8, 6, 4, 6, 11, 9] 0022013201331000231102013111
[8, 6, 5, 5, 11, 13] 0022013201331001002312013111
[8, 6, 5, 5, 11, 14] 0022013201331001020132013111
[8, 6, 4, 6, 11, 10] 0022013201331002013102013111
[8, 6, 5, 2, 12, 11] 0022013201331200010112013131
[8, 7, 5, 6, 12, 3] 002201320133120201320132013131
[8, 5, 4, 2, 11, 3] 00220133100001011102013111
[8, 5, 4, 2, 11, 4] 00220133100023110001011111
[8, 6, 4, 6, 11, 11] 0022013310002311020132013111
[8, 5, 5, 2, 11, 21] 00220133100100010112013111
[8, 5, 5, 2, 11, 22] 00220133100100231001011111
[8, 6, 4, 5, 12, 5] 0022013310010023111202013131
[8, 6, 5, 5, 11, 15] 0022013310010023120132013111
[8, 6, 4, 5, 12, 6] 0022013310010201311202013131
[8, 6, 5, 5, 11, 16] 0022013310010201320132013111
[8, 6, 4, 6, 11, 12] 0022013310020131002312013111
[8, 6, 4, 6, 11, 13] 0022013310020131020132013111
[8, 5, 5, 2, 11, 23] 00220133120001011001011131
[8, 6, 5, 2, 12, 12] 0022013312000101120132013131
[8, 6, 4, 2, 12, 2] 0022013312020131320001011131
[8, 7, 4, 6, 12, 2] 002201331202013132020132013131
[8, 7, 5, 6, 12, 4] 002201331202013201320132013131
[8, 6, 3, 8, 17, 10] 0022020131331001002023131111
[8, 6, 3, 8, 17, 11] 0022020131331001002201331111
[8, 6, 3, 8, 17, 12] 0022020131331001020201313111
[8, 6, 3, 5, 17, 5] 0022020131331200010023111131
[8, 6, 3, 5, 17, 6] 0022020131331200010201311131
[8, 6, 3, 2, 17, 3] 0022020131331202000101113131
[8, 7, 3, 9, 18, 3] 002202013133120201320201313131
[8, 7, 3, 6, 18, 3] 002202013133120202013201313131
[8, 5, 5, 4, 10, 5] 00231001002311100100231111
[8, 5, 5, 4, 10, 6] 00231001002311100102013111
[8, 5, 5, 2, 10, 6] 00231001002311120001011131
[8, 6, 5, 5, 11, 17] 0023100100231112020132013131
[8, 4, 7, 2, 5, 2] 002310010110010110010111
[8, 5, 7, 2, 6, 2] 00231001011001011201320131
[8, 6, 7, 2, 6, 2] 0023100101120132013201320131
[8, 6, 5, 2, 12, 13] 0023100101120201313202013131
[8, 5, 5, 4, 10, 7] 00231001020131100102013111
[8, 5, 5, 2, 10, 7] 00231001020131120001011131
[8, 6, 5, 5, 11, 18] 0023100102013112020132013131
[8, 5, 5, 2, 10, 8] 00231200010111320001011131
[8, 6, 5, 2, 11, 2] 0023120001011132020132013131
[8, 6, 5, 5, 11, 19] 0023120130010023111202013131
[8, 6, 5, 5, 11, 20] 0023120130010201311202013131
[8, 7, 7, 6, 6, 1] 002312013201320132013201320131
[8, 7, 5, 6, 12, 5] 002312013201320201313202013131
[8, 6, 5, 2, 11, 3] 0023120132020131320001011131
[8, 7, 5, 6, 12, 6] 002312013202013132020132013131
[8, 6, 4, 8, 11, 1] 0023120201313000231102013111
[8, 5, 5, 2, 10, 9] 00231202013130010001011111
[8, 6, 5, 5, 11, 21] 0023120201313001002312013111
[8, 6, 5, 5, 11, 22] 0023120201313001020132013111
[8, 6, 4, 8, 11, 2] 0023120201313002013102013111
[8, 6, 5, 2, 12, 14] 0023120201313200010112013131
[8, 7, 4, 9, 12, 1] 002312020131320201313202013131
[8, 7, 5, 6, 12, 7] 002312020131320201320132013131
[8, 7, 5, 6, 12, 8] 002312020132013132020132013131
[8, 7, 3, 12, 18, 1] 002312020201313132020201313131
[8, 5, 4, 2, 10, 3] 02000101113000231100231111
[8, 5, 4, 2, 10, 4] 02000101113000231102013111
[8, 5, 5, 2, 10, 10] 02000101113001002312013111
[8, 5, 5, 2, 10, 11] 02000101113001020132013111
[8, 5, 4, 2, 10, 5] 02000101113002013102013111
[8, 5, 5, 2, 11, 24] 02000101113020010112013311
[8, 5, 5, 2, 11, 25] 02000101113020231001011311
[8, 6, 5, 2, 11, 4] 0200010111302023120132013311
[8, 6, 5, 2, 11, 5] 0200010111302201320132013311
[8, 5, 5, 2, 11, 26] 02000101113200010112013131
[8, 6, 5, 2, 11, 6] 0200010111320201320132013131
[8, 6, 4, 5, 14, 33] 0200100231113020132020131311
[8, 6, 4, 5, 14, 34] 0200100231113020201320131311
[8, 6, 6, 2, 9, 7] 0200101120133020132013201311
[8, 4, 6, 2, 7, 6] 020010113000101100101111
[8, 5, 6, 2, 8, 12] 02001011300010112013201311
[8, 6, 6, 2, 8, 3] 0200101130201320132013201311
[8, 6, 4, 5, 14, 35] 0200102013113020132020131311
[8, 6, 4, 5, 14, 36] 0200102013113020201320131311
[8, 5, 5, 4, 10, 8] 02013001002311100100231111
[8, 5, 5, 4, 10, 9] 02013001002311100102013111
[8, 5, 5, 2, 10, 12] 02013001002311102001011311
[8, 6, 5, 5, 11, 23] 0201300100231110202312013311
[8, 6, 5, 5, 11, 24] 0201300100231110220132013311
[8, 5, 5, 2, 10, 13] 02013001002311120001011131
[8, 6, 5, 5, 11, 25] 0201300100231112020132013131
[8, 5, 5, 4, 10, 10] 02013001020131100102013111
[8, 5, 5, 2, 10, 14] 02013001020131102001011311
[8, 6, 5, 5, 11, 26] 0201300102013110202312013311
[8, 6, 5, 5, 11, 27] 0201300102013110220132013311
[8, 5, 5, 2, 10, 15] 02013001020131120001011131
[8, 6, 5, 5, 11, 28] 0201300102013112020132013131
[8, 5, 5, 2, 10, 16] 02013020010113120001011131
[8, 6, 5, 2, 11, 7] 0201302001011312020132013131
[8, 7, 3, 12, 18, 2] 020130202023131312020201313131
[8, 7, 3, 12, 18, 3] 020130202201331312020201313131
[8, 7, 5, 6, 12, 9] 020130202312013312020132013131
[8, 6, 4, 8, 11, 3] 0201302023131000231102013111
[8, 5, 5, 2, 10, 17] 02013020231310010001011111
[8, 6, 5, 5, 11, 29] 0201302023131001002312013111
[8, 6, 5, 5, 11, 30] 0201302023131001020132013111
[8, 6, 4, 8, 11, 4] 0201302023131002013102013111
[8, 6, 5, 2, 12, 15] 0201302023131200010112013131
[8, 7, 4, 9, 12, 2] 020130202313120201313202013131
[8, 7, 5, 6, 12, 10] 020130202313120201320132013131
[8, 7, 5, 6, 12, 11] 020130220132013312020132013131
[8, 6, 4, 8, 11, 5] 0201302201331000231102013111
[8, 5, 5, 2, 10, 18] 02013022013310010001011111
[8, 6, 5, 5, 11, 31] 0201302201331001002312013111
[8, 6, 5, 5, 11, 32] 0201302201331001020132013111
[8, 6, 4, 8, 11, 6] 0201302201331002013102013111
[8, 6, 5, 2, 12, 16] 0201302201331200010112013131
[8, 7, 4, 9, 12, 3] 020130220133120201313202013131
[8, 7, 5, 6, 12, 12] 020130220133120201320132013131
[8, 7, 3, 12, 18, 4] 020130220201313312020201313131
[8, 6, 5, 2, 11, 8] 0201320001011130202312013311
[8, 6, 5, 2, 11, 9] 0201320001011130220132013311
[8, 5, 5, 2, 10, 19] 02013200010111320001011131
[8, 6, 5, 2, 11, 10] 0201320001011132020132013131
[8, 6, 5, 5, 11, 33] 0201320130010023111202013131
[8, 6, 5, 5, 11, 34] 0201320130010201311202013131
[8, 6, 5, 5, 11, 35] 0201320130202313100100231111
[8, 6, 5, 5, 11, 36] 0201320130202313100102013111
[8, 6, 5, 2, 11, 11] 0201320130202313120001011131
[8, 7, 5, 6, 12, 13] 020132013020231312020132013131
[8, 6, 5, 5, 11, 37] 0201320130220133100100231111
[8, 6, 5, 5, 11, 38] 0201320130220133100102013111
[8, 6, 5, 2, 11, 12] 0201320130220133120001011131
[8, 7, 5, 6, 12, 14] 020132013022013312020132013131
[8, 7, 5, 6, 12, 15] 020132013201302023131202013131
[8, 7, 5, 6, 12, 16] 020132013201302201331202013131
[8, 7, 7, 6, 6, 2] 020132013201320132013201320131
[8, 7, 5, 6, 12, 17] 020132013201320201313202013131
[8, 6, 5, 2, 11, 13] 0201320132020131302001011311
[8, 7, 5, 6, 12, 18] 020132013202013130202312013311
[8, 7, 5, 6, 12, 19] 020132013202013130220132013311
[8, 6, 5, 2, 11, 14] 0201320132020131320001011131
[8, 7, 5, 6, 12, 20] 020132013202013132020132013131
[8, 6, 4, 8, 11, 7] 0201320201313000231100231111
[8, 6, 4, 8, 11, 8] 0201320201313000231102013111
[8, 5, 5, 2, 10, 20] 02013202013130010001011111
[8, 6, 5, 5, 11, 39] 0201320201313001002312013111
[8, 6, 5, 5, 11, 40] 0201320201313001020132013111
[8, 6, 4, 8, 11, 9] 0201320201313002013102013111
[8, 6, 5, 2, 12, 17] 0201320201313020010112013311
[8, 6, 5, 2, 12, 18] 0201320201313020231001011311
[8, 7, 5, 6, 12, 21] 020132020131302023120132013311
[8, 7, 5, 6, 12, 22] 020132020131302201320132013311
[8, 6, 5, 2, 12, 19] 0201320201313200010112013131
[8, 7, 4, 9, 12, 4] 020132020131320201313202013131
[8, 7, 5, 6, 12, 23] 020132020131320201320132013131
[8, 7, 5, 6, 12, 24] 020132020132013132020132013131
[8, 7, 3, 12, 18, 5] 020132020201313132020201313131
[8, 6, 4, 2, 14, 11] 0202001011313020132020131311
[8, 6, 4, 2, 14, 12] 0202001011313020201320131311
[8, 5, 4, 2, 11, 5] 02020131300001011102013111
[8, 5, 4, 2, 11, 6] 02020131300023110001011111
[8, 6, 4, 6, 11, 14] 0202013130002311002312013111
[8, 6, 4, 6, 11, 15] 0202013130002311020132013111
[8, 5, 5, 2, 11, 27] 02020131300100010112013111
[8, 5, 5, 2, 11, 28] 02020131300100231001011111
[8, 6, 5, 5, 11, 41] 0202013130010023120132013111
[8, 6, 5, 5, 11, 42] 0202013130010201320132013111
[8, 6, 4, 6, 11, 16] 0202013130020131002312013111
[8, 6, 4, 6, 11, 17] 0202013130020131020132013111
[8, 5, 5, 2, 11, 29] 02020131302001011001011311
[8, 6, 5, 2, 12, 20] 0202013130200101120132013311
[8, 6, 5, 2, 12, 21] 0202013130202310010112013311
[8, 7, 5, 6, 12, 25] 020201313020231201320132013311
[8, 7, 5, 6, 12, 26] 020201313022013201320132013311
[8, 5, 5, 2, 11, 30] 02020131320001011001011131
[8, 6, 5, 2, 12, 22] 0202013132000101120132013131
[8, 6, 4, 2, 12, 3] 0202013132020131302001011311
[8, 7, 4, 6, 12, 3] 020201313202013130202312013311
[8, 7, 4, 6, 12, 4] 020201313202013130220132013311
[8, 6, 4, 2, 12, 4] 0202013132020131320001011131
[8, 7, 4, 6, 12, 5] 020201313202013132020132013131
[8, 7, 5, 6, 12, 27] 020201313202013201320132013131
[8, 6, 5, 2, 12, 23] 0202013201313020010112013311
[8, 6, 5, 2, 12, 24] 0202013201313020231001011311
[8, 7, 5, 6, 12, 28] 020201320131302023120132013311
[8, 7, 5, 6, 12, 29] 020201320131302201320132013311
[8, 6, 5, 2, 12, 25] 0202013201313200010112013131
[8, 7, 5, 6, 12, 30] 020201320131320201320132013131
[8, 6, 3, 5, 17, 7] 0202020131313020010023111311
[8, 6, 3, 5, 17, 8] 0202020131313020010201311311
[8, 6, 3, 2, 17, 4] 0202020131313020200101131311
[8, 7, 3, 6, 18, 4] 020202013131302020231201331311
[8, 7, 3, 6, 18, 5] 020202013131302022013201331311
[8, 7, 3, 9, 18, 4] 020202013131302023120201313311
[8, 6, 3, 2, 17, 5] 0202020131313022000101113311
[8, 7, 3, 9, 18, 5] 020202013131302201302023131311
[8, 7, 3, 9, 18, 6] 020202013131302201302201331311
[8, 7, 3, 9, 18, 7] 020202013131302201320201313311
[8, 7, 3, 6, 18, 6] 020202013131302202013201313311
[8, 6, 3, 5, 17, 9] 0202020131313200010023111131
[8, 6, 3, 5, 17, 10] 0202020131313200010201311131
[8, 6, 3, 2, 17, 6] 0202020131313202000101113131
[8, 7, 3, 9, 18, 8] 020202013131320201320201313131
[8, 7, 3, 6, 18, 7] 020202013131320202013201313131
[8, 6, 3, 8, 14, 4] 0202023131300002311020131111
[8, 5, 4, 2, 13, 16] 02020231313000100010111111
[8, 6, 4, 5, 14, 37] 0202023131300010023120131111
[8, 6, 4, 2, 15, 7] 0202023131300010112020131311
[8, 6, 4, 5, 14, 38] 0202023131300010201320131111
[8, 6, 3, 8, 14, 5] 0202023131300020131020131111
[8, 6, 4, 2, 15, 8] 0202023131302000101120131311
[8, 6, 4, 5, 14, 39] 0202023131302013001002311111
[8, 6, 4, 5, 14, 40] 0202023131302013001020131111
[8, 6, 4, 2, 14, 13] 0202023131302013200010111311
[8, 7, 4, 6, 15, 22] 020202313130201320132020131311
[8, 7, 4, 6, 15, 23] 020202313130201320201320131311
[8, 7, 3, 12, 15, 4] 020202313130202013132020131311
[8, 7, 4, 6, 15, 24] 020202313130202013201320131311
[8, 6, 3, 8, 14, 6] 0202201331300002311020131111
[8, 5, 4, 2, 13, 17] 02022013313000100010111111
[8, 6, 4, 5, 14, 41] 0202201331300010023120131111
[8, 6, 4, 2, 15, 9] 0202201331300010112020131311
[8, 6, 4, 5, 14, 42] 0202201331300010201320131111
[8, 6, 3, 8, 14, 7] 0202201331300020131020131111
[8, 6, 4, 2, 15, 10] 0202201331302000101120131311
[8, 6, 4, 5, 14, 43] 0202201331302013001002311111
[8, 6, 4, 5, 14, 44] 0202201331302013001020131111
[8, 6, 4, 2, 14, 14] 0202201331302013200010111311
[8, 7, 4, 6, 15, 25] 020220133130201320132020131311
[8, 7, 4, 6, 15, 26] 020220133130201320201320131311
[8, 7, 3, 12, 15, 5] 020220133130202013132020131311
[8, 7, 4, 6, 15, 27] 020220133130202013201320131311
[8, 6, 6, 2, 9, 8] 0202310010113020132013201311
[8, 5, 6, 2, 8, 13] 02023120133000101100101111
[8, 6, 6, 2, 9, 9] 0202312013300010112013201311
[8, 7, 6, 6, 9, 7] 020231201330201320132013201311
[8, 5, 6, 2, 9, 5] 02023130001011001011201311
[8, 6, 6, 2, 9, 10] 0202313000101120132013201311
[8, 7, 6, 6, 9, 8] 020231302013201320132013201311
[8, 6, 4, 2, 14, 15] 0220001011133020132020131311
[8, 6, 4, 2, 14, 16] 0220001011133020201320131311
[8, 5, 6, 2, 8, 14] 02201320133000101100101111
[8, 6, 6, 2, 9, 11] 0220132013300010112013201311
[8, 7, 6, 6, 9, 9] 022013201330201320132013201311
[8, 5, 6, 2, 9, 6] 02201330001011001011201311
[8, 6, 6, 2, 9, 12] 0220133000101120132013201311
[8, 7, 6, 6, 9, 10] 022013302013201320132013201311
[8, 6, 3, 8, 14, 8] 0220201313300002311020131111
[8, 5, 4, 2, 13, 18] 02202013133000100010111111
[8, 6, 4, 5, 14, 45] 0220201313300010023120131111
[8, 6, 4, 2, 15, 11] 0220201313300010112020131311
[8, 6, 4, 5, 14, 46] 0220201313300010201320131111
[8, 6, 3, 8, 14, 9] 0220201313300020131020131111
[8, 6, 4, 2, 15, 12] 0220201313302000101120131311
[8, 6, 4, 5, 14, 47] 0220201313302013001002311111
[8, 6, 4, 5, 14, 48] 0220201313302013001020131111
[8, 6, 4, 2, 14, 17] 0220201313302013200010111311
[8, 7, 4, 6, 15, 28] 022020131330201320132020131311
[8, 7, 4, 6, 15, 29] 022020131330201320201320131311
[8, 7, 3, 12, 15, 6] 022020131330202013132020131311
[8, 7, 4, 6, 15, 30] 022020131330202013201320131311